WR,WE,WA,WB
64.5876235961914,0.038863860070705414,0.09658607840538025,0.00820989441126585
124.29827880859375,0.03583686426281929,0.27754640579223633,0.09553901106119156
123.67585754394531,0.036086972802877426,0.27308154106140137,0.09428387135267258
124.65253448486328,0.035977620631456375,0.26707032322883606,0.09127485752105713
123.06057739257812,0.03572440892457962,0.2632463872432709,0.09116265177726746
121.00091552734375,0.035963211208581924,0.2641317844390869,0.09203564375638962
120.39360809326172,0.035396430641412735,0.26566508412361145,0.09455600380897522
120.39273071289062,0.035765767097473145,0.25682249665260315,0.09058906137943268
119.92224884033203,0.035872090607881546,0.2526118755340576,0.08734246343374252
120.40522003173828,0.03564688563346863,0.25293371081352234,0.09241968393325806
117.83470916748047,0.03534046187996864,0.2435569018125534,0.08423423767089844
117.59130096435547,0.035238027572631836,0.2454017698764801,0.08570022135972977
116.27998352050781,0.03532527759671211,0.2394944429397583,0.08239980787038803
117.45683288574219,0.035293612629175186,0.2449045330286026,0.08595527708530426
114.68801879882812,0.03502430394291878,0.23739105463027954,0.08255264163017273
114.3364486694336,0.03465624153614044,0.22637027502059937,0.07936690002679825
114.83574676513672,0.03510868549346924,0.2265022099018097,0.07990094274282455
114.48248291015625,0.034842368215322495,0.22540202736854553,0.08069358766078949
113.24302673339844,0.03506460413336754,0.22119297087192535,0.08049201220273972
110.28256225585938,0.03486095741391182,0.2140132486820221,0.07555200904607773
110.23409271240234,0.03463689982891083,0.2126024216413498,0.07433860003948212
112.7249755859375,0.03460888937115669,0.21776887774467468,0.07666904479265213
110.0176010131836,0.03442993387579918,0.21183407306671143,0.07504762709140778
109.50557708740234,0.034309640526771545,0.21345436573028564,0.0761556476354599
112.37596893310547,0.034454453736543655,0.21251943707466125,0.07698831707239151
109.2320556640625,0.03431345149874687,0.20701850950717926,0.07297876477241516
108.62590789794922,0.034050509333610535,0.2054426670074463,0.07494857907295227
109.212890625,0.03433629125356674,0.19673140347003937,0.06868167966604233
107.72747802734375,0.03391522914171219,0.20091713964939117,0.07163169234991074
108.31322479248047,0.03411554545164108,0.20150355994701385,0.07239542156457901
106.98148345947266,0.03365884721279144,0.20124153792858124,0.07295744866132736
104.08136749267578,0.0337950624525547,0.20053571462631226,0.07211334258317947
104.58114624023438,0.03357408568263054,0.194914773106575,0.07072114944458008
106.21835327148438,0.033411454409360886,0.19573648273944855,0.07013803720474243
104.01702117919922,0.0335826575756073,0.18995752930641174,0.06784963607788086
103.5560073852539,0.03372763842344284,0.18123266100883484,0.06620245426893234
104.8775634765625,0.03316175937652588,0.18478047847747803,0.06669385731220245
101.11619567871094,0.0331786572933197,0.18097549676895142,0.06531035155057907
99.46283721923828,0.03302795812487602,0.18106359243392944,0.06685113161802292
100.77265930175781,0.03309237211942673,0.18187598884105682,0.06462368369102478
99.63250732421875,0.0329691506922245,0.17816980183124542,0.0654539093375206
100.57498931884766,0.03316879644989967,0.17529425024986267,0.06784375756978989
100.15886688232422,0.03261689841747284,0.17764624953269958,0.06718325614929199
100.43524169921875,0.03291841968894005,0.17043788731098175,0.06256884336471558
100.31136322021484,0.03285092115402222,0.1734258085489273,0.0639571100473404
100.24343872070312,0.032782234251499176,0.17795443534851074,0.06808528304100037
98.04714965820312,0.03269707038998604,0.16833478212356567,0.06355293840169907
99.62816619873047,0.03257240355014801,0.16560393571853638,0.0632842555642128
98.41161346435547,0.03237228840589523,0.1682470142841339,0.0645025372505188
95.61390686035156,0.032325197011232376,0.1660117208957672,0.06270279735326767
99.52336883544922,0.0322423093020916,0.16309420764446259,0.06260056793689728
96.5330581665039,0.03218913450837135,0.17034240067005157,0.06826566904783249
98.3196792602539,0.032052215188741684,0.1650042086839676,0.06573175638914108
98.35565948486328,0.032208263874053955,0.16201189160346985,0.0637274757027626
97.07670593261719,0.03203986957669258,0.16938678920269012,0.06815361231565475
96.0970458984375,0.031950026750564575,0.1624240130186081,0.06460316479206085
96.336669921875,0.03186602517962456,0.1601698100566864,0.06452113389968872
94.60308837890625,0.03200352564454079,0.16129755973815918,0.06524914503097534
92.6666030883789,0.0318719781935215,0.15711909532546997,0.06267933547496796
94.18318939208984,0.03178013116121292,0.1550276279449463,0.06091491878032684
95.13941192626953,0.03162094205617905,0.15642082691192627,0.06503342092037201
94.72830200195312,0.03152885660529137,0.15314443409442902,0.06144273281097412
95.15534973144531,0.031498391181230545,0.15829585492610931,0.0679055005311966
93.01445770263672,0.03132714331150055,0.15555651485919952,0.06531980633735657
95.06717681884766,0.03127380460500717,0.16095273196697235,0.07076044380664825
96.8278579711914,0.031220266595482826,0.158489391207695,0.06982384622097015
94.30318450927734,0.03113487921655178,0.15773983299732208,0.06939281523227692
92.68926239013672,0.031002409756183624,0.1599324345588684,0.07279003411531448
96.44743347167969,0.03112242929637432,0.1600155532360077,0.07407299429178238
96.79698944091797,0.030915645882487297,0.15905602276325226,0.07410336285829544
94.62488555908203,0.0307235699146986,0.15932941436767578,0.0751456543803215
95.64730072021484,0.03064475953578949,0.1589764803647995,0.07352712005376816
93.62959289550781,0.030614642426371574,0.1578366756439209,0.07729478180408478
96.52510070800781,0.03067944385111332,0.16269178688526154,0.08151176571846008
96.0717544555664,0.030729955062270164,0.15839843451976776,0.07945200055837631
96.13777160644531,0.03035697713494301,0.16236260533332825,0.08535638451576233
96.38064575195312,0.030559128150343895,0.16347546875476837,0.08581206947565079
96.26165008544922,0.030272750183939934,0.16886821389198303,0.08950772136449814
97.44078826904297,0.030178705230355263,0.16424454748630524,0.08988833427429199
96.17742919921875,0.030193261802196503,0.1688329428434372,0.09667469561100006
96.39990997314453,0.030048774555325508,0.1709907501935959,0.09712330251932144
98.47684478759766,0.029688557609915733,0.16771690547466278,0.09880859404802322
99.13471984863281,0.02993498370051384,0.17455385625362396,0.1084330752491951
98.7144775390625,0.029976975172758102,0.17907658219337463,0.11294108629226685
103.48030853271484,0.029855815693736076,0.18185144662857056,0.12410876899957657
101.88385772705078,0.029522622004151344,0.18623283505439758,0.1250724196434021
100.07147979736328,0.02954055368900299,0.19135618209838867,0.13574214279651642
103.18041229248047,0.029798593372106552,0.19107922911643982,0.14545604586601257
107.80268859863281,0.02951788157224655,0.19764594733715057,0.1523970365524292
109.56255340576172,0.029588624835014343,0.2019965499639511,0.17258107662200928
110.4481201171875,0.029459387063980103,0.2098076045513153,0.1873261034488678
110.6887435913086,0.02924330160021782,0.21015320718288422,0.20231993496418
111.52635192871094,0.029185554012656212,0.21741485595703125,0.24026714265346527
112.84183502197266,0.02905206009745598,0.21900586783885956,0.2681903541088104
117.16812896728516,0.029101934283971786,0.22556264698505402,0.3074478209018707
116.4860610961914,0.028800159692764282,0.2391703724861145,0.4076032340526581
118.38927459716797,0.02877824194729328,0.24752222001552582,0.5032023787498474
115.18869018554688,0.028750000521540642,0.2438838630914688,0.7615123987197876
118.32010650634766,0.028512461110949516,0.2523132264614105,1.2744579315185547
116.92180633544922,0.028438303619623184,0.2534629702568054,3.029345750808716
115.33325958251953,0.028396278619766235,0.2420165091753006,10
118.10243225097656,0.028384165838360786,0.24752666056156158,10
117.87394714355469,0.028364328667521477,0.250223308801651,10
118.07418060302734,0.028343023732304573,0.25934526324272156,10
121.70098114013672,0.028342735022306442,0.26223042607307434,10
124.37734985351562,0.02815975248813629,0.2696816623210907,10
124.19634246826172,0.028071576729416847,0.2810837924480438,10
127.19245910644531,0.02809055708348751,0.2864852547645569,10
126.94524383544922,0.027814578264951706,0.2832433581352234,10
126.72996520996094,0.027590015903115273,0.3046080768108368,10
133.08590698242188,0.027809305116534233,0.3106929063796997,10
138.07461547851562,0.027610326185822487,0.33383408188819885,10
140.0051727294922,0.027655871585011482,0.34646111726760864,10
139.35885620117188,0.027331167832016945,0.3529617488384247,10
140.7049560546875,0.027339983731508255,0.37300440669059753,10
150.3772430419922,0.027353791519999504,0.40475592017173767,10
154.1528778076172,0.027231823652982712,0.43129995465278625,10
158.49449157714844,0.027031954377889633,0.45254793763160706,10
162.83401489257812,0.026869749650359154,0.4984283447265625,10
165.34494018554688,0.026760419830679893,0.5223816633224487,10
177.4930877685547,0.02657289430499077,0.5745815634727478,10
186.38751220703125,0.026688342913985252,0.6617398858070374,10
196.48287963867188,0.0265856571495533,0.7714064717292786,10
203.29470825195312,0.026120783761143684,0.8962711095809937,10
217.96527099609375,0.026028132066130638,1.0807015895843506,10
233.1859893798828,0.02597854658961296,1.3560495376586914,10
255.2957305908203,0.025925327092409134,1.712797999382019,10
274.9374084472656,0.02564394101500511,2.6622486114501953,10
297.74029541015625,0.025642305612564087,4.109076976776123,10
327.30462646484375,0.025209780782461166,10,10
361.5614013671875,0.025086645036935806,10,10
360.8350524902344,0.025319678708910942,10,10
369.71820068359375,0.025586841627955437,10,10
380.15679931640625,0.02545950561761856,10,10
374.818115234375,0.02540367655456066,10,10
379.480224609375,0.025379201397299767,10,10
386.752197265625,0.025284452363848686,10,10
375.578857421875,0.025145774707198143,10,10
383.7163391113281,0.025324340909719467,10,10
387.1390075683594,0.025346020236611366,10,10
385.1328430175781,0.025121860206127167,10,10
388.7756042480469,0.025201616808772087,10,10
391.8865661621094,0.02529286965727806,10,10
397.80084228515625,0.025017311796545982,10,10
405.11322021484375,0.02504228614270687,10,10
394.2213439941406,0.024986179545521736,10,10
412.04840087890625,0.025115186348557472,10,10
402.8526916503906,0.025092916563153267,10,10
412.6090393066406,0.02501961775124073,10,10
412.90350341796875,0.02478809282183647,10,10
418.30535888671875,0.024949410930275917,10,10
416.1525573730469,0.02467726357281208,10,10
416.0103759765625,0.024827536195516586,10,10
419.2413330078125,0.024837926030158997,10,10
418.9234313964844,0.02469581924378872,10,10
427.0872802734375,0.02470099739730358,10,10
433.8438415527344,0.02463802881538868,10,10
430.4485778808594,0.024589210748672485,10,10
435.9823913574219,0.024697449058294296,10,10
429.3176574707031,0.02454599179327488,10,10
433.8219909667969,0.024458779022097588,10,10
437.44384765625,0.02446666732430458,10,10
437.6389465332031,0.024497587233781815,10,10
433.707763671875,0.024501429870724678,10,10
435.1717224121094,0.024438725784420967,10,10
436.4839782714844,0.024413226172327995,10,10
447.2685852050781,0.02439805306494236,10,10
441.6303405761719,0.024434201419353485,10,10
453.828125,0.02427227795124054,10,10
449.7546691894531,0.024456728249788284,10,10
444.32012939453125,0.024182423949241638,10,10
446.25189208984375,0.02443106472492218,10,10
449.5019836425781,0.024406177923083305,10,10
446.93743896484375,0.024429835379123688,10,10
453.1539611816406,0.024493789300322533,10,10
459.0044860839844,0.024497805163264275,10,10
463.9897766113281,0.024506717920303345,10,10
458.1410217285156,0.024498211219906807,10,10
465.75384521484375,0.024404989555478096,10,10
467.7214660644531,0.024614959955215454,10,10
456.49993896484375,0.024506637826561928,10,10
480.2430419921875,0.024391423910856247,10,10
471.40625,0.024682043120265007,10,10
473.4939270019531,0.024571947753429413,10,10
476.9046325683594,0.024441592395305634,10,10
460.99267578125,0.024558953940868378,10,10
476.5102233886719,0.024481292814016342,10,10
473.4390869140625,0.024527566507458687,10,10
481.5111083984375,0.024523623287677765,10,10
478.3971862792969,0.02436329610645771,10,10
483.83056640625,0.024289118126034737,10,10
486.6315612792969,0.02442280203104019,10,10
484.9227600097656,0.024256164208054543,10,10
487.89886474609375,0.024326782673597336,10,10
493.452392578125,0.024165580049157143,10,10
500.9060363769531,0.024080829694867134,10,10
498.17913818359375,0.02420537732541561,10,10
500.4973449707031,0.02436172030866146,10,10
501.27301025390625,0.02408457174897194,10,10
488.91595458984375,0.024211708456277847,10,10
489.099853515625,0.024191325530409813,10,10
494.1905212402344,0.02450486272573471,10,10
498.189208984375,0.0240858793258667,10,10
505.4915771484375,0.024119434878230095,10,10
511.4273986816406,0.024158261716365814,10,10
496.31903076171875,0.024152353405952454,10,10
515.713134765625,0.024063652381300926,10,10
509.0899353027344,0.023946799337863922,10,10
513.9559326171875,0.024041013792157173,10,10
499.6771240234375,0.024016017094254494,10,10
507.0328674316406,0.02398151531815529,10,10
521.2823486328125,0.024024080485105515,10,10
521.23583984375,0.023857899010181427,10,10
517.88525390625,0.0239613875746727,10,10
520.7106323242188,0.023761160671710968,10,10
525.02490234375,0.023858437314629555,10,10
525.7399291992188,0.024006696417927742,10,10
528.963623046875,0.023945385590195656,10,10
520.1685180664062,0.023771559819579124,10,10
534.43017578125,0.023759562522172928,10,10
537.1672973632812,0.023725643754005432,10,10
528.7622680664062,0.023816660046577454,10,10
539.5107421875,0.023867666721343994,10,10
537.4260864257812,0.023653842508792877,10,10
523.1257934570312,0.02377781830728054,10,10
551.6558227539062,0.023639876395463943,10,10
537.9279174804688,0.0239797905087471,10,10
532.5267333984375,0.023762717843055725,10,10
544.6050415039062,0.023925473913550377,10,10
544.5999145507812,0.02393309772014618,10,10
546.8837890625,0.02376214601099491,10,10
552.3724365234375,0.023823073133826256,10,10
544.3990478515625,0.02379472367465496,10,10
552.3527221679688,0.023814741522073746,10,10
549.6707763671875,0.0239851176738739,10,10
547.367431640625,0.023906324058771133,10,10
558.0775146484375,0.02402803674340248,10,10
571.02587890625,0.023925447836518288,10,10
554.4735107421875,0.02388981357216835,10,10
588.4429321289062,0.023991456255316734,10,10
568.0787963867188,0.023894231766462326,10,10
547.6583251953125,0.023927969858050346,10,10
577.2771606445312,0.023994268849492073,10,10
571.4611206054688,0.02396203577518463,10,10
596.853271484375,0.02403489127755165,10,10
586.4027709960938,0.024123813956975937,10,10
570.641845703125,0.02407337725162506,10,10
578.1038208007812,0.024171987548470497,10,10
594.225830078125,0.024213019758462906,10,10
590.8882446289062,0.024073773995041847,10,10
598.4061279296875,0.02445066347718239,10,10
603.8241577148438,0.024477519094944,10,10
599.3893432617188,0.0245578084141016,10,10
616.1359252929688,0.02443351410329342,10,10
605.1185913085938,0.024332430213689804,10,10
613.7990112304688,0.02455715276300907,10,10
629.9027099609375,0.024877242743968964,10,10
610.9049682617188,0.024629168212413788,10,10
639.23974609375,0.024889973923563957,10,10
633.6156005859375,0.025070704519748688,10,10
660.9887084960938,0.025289006531238556,10,10
641.530029296875,0.025280648842453957,10,10
667.8894653320312,0.025238104164600372,10,10
668.265869140625,0.02563086897134781,10,10
688.7117309570312,0.02556111477315426,10,10
692.1560668945312,0.025783376768231392,10,10
672.2442016601562,0.025954095646739006,10,10
670.828857421875,0.02606692910194397,10,10
698.9603881835938,0.025875769555568695,10,10
693.2568969726562,0.025979477912187576,10,10
710.07958984375,0.025838639587163925,10,10
733.7527465820312,0.02598668821156025,10,10
697.4595947265625,0.026032578200101852,10,10
723.0360717773438,0.02624174952507019,10,10
716.486328125,0.026202794164419174,10,10
721.95166015625,0.026462670415639877,10,10
720.2000122070312,0.026507096365094185,10,10
733.1802368164062,0.02646176517009735,10,10
733.1167602539062,0.02693331427872181,10,10
749.6707153320312,0.02664179541170597,10,10
770.0380249023438,0.026606710627675056,10,10
754.43408203125,0.02682376094162464,10,10
754.6812744140625,0.02674219012260437,10,10
770.9293212890625,0.02715073712170124,10,10
773.7110595703125,0.026931656524538994,10,10
792.960205078125,0.027248702943325043,10,10
796.7465209960938,0.027247557416558266,10,10
795.0725708007812,0.027155892923474312,10,10
788.469970703125,0.02651975117623806,10,10
808.82958984375,0.027269089594483376,10,10
797.638916015625,0.027193540707230568,10,10
797.4133911132812,0.027261318638920784,10,10
769.7896118164062,0.02739078551530838,10,10
819.7626342773438,0.027141030877828598,10,10
840.8887939453125,0.027224384248256683,10,10
820.1599731445312,0.02761482447385788,10,10
834.5371704101562,0.027180247008800507,10,10
844.308349609375,0.027463678270578384,10,10
834.497314453125,0.027280326932668686,10,10
820.3701782226562,0.027228711172938347,10,10
834.9658813476562,0.027604028582572937,10,10
809.6325073242188,0.027496596798300743,10,10
873.8272705078125,0.027621909976005554,10,10
783.9092407226562,0.026931289583444595,10,10
819.5132446289062,0.02738984115421772,10,10
845.3834838867188,0.02717607468366623,10,10
805.9500732421875,0.027615642175078392,10,10
845.7339477539062,0.027491385117173195,10,10
870.3609008789062,0.027672749012708664,10,10
859.3795776367188,0.027745960280299187,10,10
873.7249145507812,0.027429046109318733,10,10
864.0419921875,0.027680085971951485,10,10
882.51171875,0.02759849838912487,10,10
868.8754272460938,0.027390673756599426,10,10
888.8711547851562,0.02784944698214531,10,10
900.9088745117188,0.02772565372288227,10,10
173.1310272216797,0.01800711452960968,0.7629477977752686,0.6996389627456665
180.45697021484375,0.018047021701931953,0.838344395160675,1.0205848217010498
177.55384826660156,0.01800425723195076,0.8629351258277893,1.2381718158721924
181.11563110351562,0.01801227405667305,0.8461315035820007,1.5003888607025146
179.30455017089844,0.017858115956187248,0.8838388323783875,1.7660053968429565
179.36146545410156,0.01785864494740963,0.8938782215118408,2.0832972526550293
183.18710327148438,0.01768299750983715,0.8721049427986145,2.488417625427246
182.21063232421875,0.01758556254208088,0.9229208827018738,3.289750099182129
177.93997192382812,0.017658263444900513,0.9420539736747742,5.304834842681885
180.52137756347656,0.017412837594747543,0.9299694299697876,10
179.39942932128906,0.01744864694774151,0.8696615099906921,10
174.56031799316406,0.017254821956157684,0.8718997836112976,10
174.16493225097656,0.017003105953335762,0.8818925619125366,10
177.208251953125,0.017392650246620178,0.8553088307380676,10
178.22959899902344,0.01719498261809349,0.8519324064254761,10
179.9980926513672,0.017032667994499207,0.8899495005607605,10
178.34046936035156,0.017180852591991425,0.8830275535583496,10
179.30137634277344,0.01699940301477909,0.9259750247001648,10
181.50289916992188,0.017033545300364494,0.9459400773048401,10
179.79383850097656,0.01685120351612568,0.9505082368850708,10
176.78550720214844,0.016921328380703926,0.9210861325263977,10
180.98248291015625,0.016730956733226776,0.9806966185569763,10
189.54531860351562,0.01660827547311783,1.0839818716049194,10
181.3050537109375,0.016916600987315178,0.9989128112792969,10
183.57211303710938,0.016823118552565575,1.0684492588043213,10
181.81507873535156,0.016981368884444237,1.086734414100647,10
188.16932678222656,0.01665404625236988,1.0879930257797241,10
197.32591247558594,0.01659594103693962,1.1628705263137817,10
192.44984436035156,0.016579952090978622,1.2328311204910278,10
194.3273162841797,0.016413088887929916,1.2916150093078613,10
193.29002380371094,0.016724416986107826,1.2352849245071411,10
194.10049438476562,0.016452765092253685,1.4104927778244019,10
202.23321533203125,0.01667003147304058,1.4183014631271362,10
201.23074340820312,0.01638147048652172,1.4397988319396973,10
198.53695678710938,0.01655752956867218,1.4907361268997192,10
208.0564727783203,0.01622442901134491,1.6272776126861572,10
203.08132934570312,0.01629503443837166,1.5885143280029297,10
204.29920959472656,0.016373012214899063,1.7274668216705322,10
211.3026580810547,0.016307611018419266,1.787081003189087,10
221.06878662109375,0.016474688425660133,1.9140326976776123,10
214.1828155517578,0.01625809818506241,1.980428695678711,10
217.3050079345703,0.016248077154159546,2.2419137954711914,10
223.48681640625,0.016373980790376663,2.2532756328582764,10
217.8038330078125,0.016379667446017265,2.393526792526245,10
224.42910766601562,0.016230400651693344,2.614515542984009,10
227.5164794921875,0.01636684499680996,2.6704936027526855,10
234.33673095703125,0.016126062721014023,3.1330950260162354,10
240.43045043945312,0.016035474836826324,3.3575279712677,10
241.61614990234375,0.016276592388749123,3.6384451389312744,10
241.69920349121094,0.016114922240376472,4.026951313018799,10
249.6093292236328,0.01612454280257225,4.750036716461182,10
262.5318603515625,0.015945516526699066,5.746890544891357,10
266.48883056640625,0.015813246369361877,6.9026618003845215,10
259.1361083984375,0.015963036566972733,7.45688009262085,10
267.6296691894531,0.015915218740701675,9.525729179382324,10
279.2587890625,0.015722762793302536,10,10
271.7265625,0.01581282541155815,10,10
289.143310546875,0.01564461551606655,10,10
282.1371154785156,0.015886815264821053,10,10
289.5197448730469,0.015791747719049454,10,10
298.8054504394531,0.015855781733989716,10,10
290.8801574707031,0.015633659437298775,10,10
296.4897766113281,0.01571550779044628,10,10
290.7774963378906,0.015890449285507202,10,10
296.75286865234375,0.015763983130455017,10,10
297.8575134277344,0.01578403078019619,10,10
304.0015563964844,0.015606246888637543,10,10
304.17608642578125,0.01564970053732395,10,10
309.8321838378906,0.015836989507079124,10,10
314.6062927246094,0.015777794644236565,10,10
317.2475891113281,0.015800395980477333,10,10
317.4262390136719,0.01584615372121334,10,10
316.15643310546875,0.015659833326935768,10,10
324.2482604980469,0.01570642925798893,10,10
320.8108215332031,0.01586924120783806,10,10
326.4576416015625,0.015766065567731857,10,10
337.724365234375,0.016008228063583374,10,10
337.8106994628906,0.01589331217110157,10,10
341.7965393066406,0.016019947826862335,10,10
342.2239074707031,0.015936801210045815,10,10
348.45220947265625,0.016026630997657776,10,10
354.7094421386719,0.016149748116731644,10,10
373.2855529785156,0.016140855848789215,10,10
365.9408874511719,0.01619739644229412,10,10