WR,WE,WA,WB
8.68466854095459,0.015924088656902313,0.005971120670437813,0.00011097219248767942
16.49201202392578,0.014723018743097782,0.012238821014761925,0.0013020603219047189
16.453144073486328,0.014856916852295399,0.012143843807280064,0.0012746219290420413
15.880644798278809,0.014924300834536552,0.012235857546329498,0.0012934865662828088
16.489213943481445,0.01489649061113596,0.01218963973224163,0.0012970794923603535
16.211606979370117,0.014896400272846222,0.01200682669878006,0.001246506697498262
16.59287452697754,0.014883832074701786,0.012392112985253334,0.0013034628937020898
16.37697982788086,0.014928252436220646,0.012236390262842178,0.0012734085321426392
16.272079467773438,0.014961163513362408,0.012116454541683197,0.0012786281295120716
16.429019927978516,0.014864716678857803,0.012166638858616352,0.0012841998832300305
16.531953811645508,0.014959638938307762,0.012096759863197803,0.001261427765712142
16.322063446044922,0.014932511374354362,0.012046719901263714,0.0012575220316648483
16.64400291442871,0.015009130351245403,0.012079045176506042,0.0012542452896013856
16.386489868164062,0.014855745248496532,0.012324943207204342,0.0013310312060639262
16.399303436279297,0.014984493143856525,0.012073807418346405,0.001237173448316753
16.292757034301758,0.014990135096013546,0.012008888646960258,0.0012621138012036681
16.349653244018555,0.014984695240855217,0.012142971158027649,0.0012609899276867509
16.527023315429688,0.014919012784957886,0.012088296934962273,0.001302308519370854
16.68181800842285,0.014847995713353157,0.012455692514777184,0.0013471940765157342
16.362899780273438,0.014874842949211597,0.012205897830426693,0.0012937879655510187
16.546741485595703,0.015020987950265408,0.012124883010983467,0.0012510954402387142
16.722797393798828,0.01486777514219284,0.012405741959810257,0.001333222957327962
16.519001007080078,0.014894196763634682,0.012206840328872204,0.001304418663494289
16.763216018676758,0.01479717530310154,0.012275955639779568,0.0013178115477785468
16.457109451293945,0.014866529032588005,0.01237482763826847,0.0013156917411834002
16.679136276245117,0.014881339855492115,0.012263230979442596,0.0013062582584097981
16.46161651611328,0.014999492093920708,0.012250310741364956,0.0013065366074442863
16.794519424438477,0.014897039160132408,0.01240607351064682,0.0013112123124301434
16.868566513061523,0.014891760423779488,0.012604229152202606,0.0013726860051974654
16.466388702392578,0.014906778931617737,0.012097910046577454,0.0012804700527340174
16.79887580871582,0.014878753572702408,0.012386498041450977,0.0013395710848271847
16.47396469116211,0.014928461983799934,0.012427404522895813,0.0013252458302304149
16.486644744873047,0.014905623160302639,0.01246071420609951,0.0013509341515600681
16.626834869384766,0.014851035550236702,0.012259098701179028,0.0012895723339170218
16.61932945251465,0.01494952104985714,0.012043303810060024,0.0012658042833209038
16.62449073791504,0.014962912537157536,0.012177640572190285,0.001297211623750627
16.324867248535156,0.0149710513651371,0.01207104790955782,0.0012694509932771325
16.823352813720703,0.014921539463102818,0.012435827404260635,0.0013239061227068305
16.83846664428711,0.014963795430958271,0.012240304611623287,0.0012872959487140179
16.740392684936523,0.01483196672052145,0.012495729140937328,0.0013583081308752298
16.937118530273438,0.014942944049835205,0.012301716022193432,0.0013337604468688369
16.78815460205078,0.014986751601099968,0.012383854016661644,0.0013197875814512372
16.906702041625977,0.014867698773741722,0.012552473694086075,0.0013731025392189622
16.578838348388672,0.014825049787759781,0.012303120456635952,0.0013203442795202136
16.194339752197266,0.01498899981379509,0.012341679073870182,0.0013328036293387413
16.711872100830078,0.01489146240055561,0.012258301489055157,0.0013015363365411758
16.873092651367188,0.014934046193957329,0.012374884448945522,0.0013112872838974
16.414670944213867,0.01486429013311863,0.012132500298321247,0.0012805139413103461
16.918977737426758,0.01496210228651762,0.012515116482973099,0.0013534707250073552
16.89751625061035,0.014745750464498997,0.012377037666738033,0.0013296159449964762
16.99643898010254,0.014928676187992096,0.012450022622942924,0.0013486131792888045
16.464757919311523,0.014994713477790356,0.012111753225326538,0.0012530036037787795
16.42914390563965,0.014866720885038376,0.012304912321269512,0.0013111549196764827
17.22949981689453,0.01479093823581934,0.0124720623716712,0.00132885726634413
16.48611831665039,0.014956156723201275,0.01225711777806282,0.001287997467443347
16.36199951171875,0.01490615215152502,0.01249387115240097,0.001351165003143251
16.87773895263672,0.014918435364961624,0.012490618042647839,0.0013499908382073045
16.933717727661133,0.014853460714221,0.012428352609276772,0.0013572359457612038
17.426406860351562,0.014841685071587563,0.012769934721291065,0.0014247556682676077
16.637222290039062,0.014815118163824081,0.01244428101927042,0.0013117047492414713
16.651533126831055,0.0149270324036479,0.012777593918144703,0.001418503001332283
17.161361694335938,0.014855103567242622,0.012624785304069519,0.0013667112216353416
17.122596740722656,0.01484860572963953,0.012702974490821362,0.001398659311234951
17.327978134155273,0.015000254847109318,0.012503472156822681,0.0013737237313762307
16.738981246948242,0.014950055629014969,0.01250795554369688,0.001341246534138918
16.9545955657959,0.01490706205368042,0.012516288086771965,0.0013497252948582172
16.624671936035156,0.014836687594652176,0.012697252444922924,0.0013818711740896106
17.212299346923828,0.014943093992769718,0.012565691955387592,0.001345573691651225
16.734758377075195,0.015029472298920155,0.012391496449708939,0.0013035109732300043
16.279399871826172,0.01500712614506483,0.012297753244638443,0.0013058959739282727
16.838001251220703,0.015021314844489098,0.012514431029558182,0.0013539075152948499
16.92909049987793,0.014894256368279457,0.0126190772280097,0.0013885915977880359
17.031198501586914,0.014978347346186638,0.012541692703962326,0.0013376318383961916
16.268953323364258,0.015002474188804626,0.01247125118970871,0.0013400237075984478
16.74543571472168,0.014948433265089989,0.01263133343309164,0.0013686221791431308
16.76248550415039,0.014849133789539337,0.012569732964038849,0.0013529700227081776
16.85359001159668,0.014847628772258759,0.012499202974140644,0.001328174606896937
16.57611083984375,0.014974519610404968,0.012320275418460369,0.0013203333364799619
17.215429306030273,0.014994030818343163,0.01281654927879572,0.0014317699242383242
17.09222412109375,0.01501473505049944,0.012849354185163975,0.001420471933670342
17.165061950683594,0.015008614398539066,0.012808450497686863,0.0014266155194491148
17.197111129760742,0.014804062433540821,0.012716160155832767,0.0013795176055282354
16.84371566772461,0.014943108893930912,0.012704703956842422,0.0013889360707253218
16.677345275878906,0.014866073615849018,0.012370112352073193,0.0013330348301678896
16.798954010009766,0.01496335119009018,0.012610074132680893,0.001357414061203599
17.59535789489746,0.014888151548802853,0.012824296951293945,0.0014107718598097563
17.089702606201172,0.014926673844456673,0.012667834758758545,0.001385308220051229
17.031827926635742,0.014955301769077778,0.012640146538615227,0.001380977570079267
17.109922409057617,0.014902718365192413,0.012887651100754738,0.0014040322275832295
16.712114334106445,0.015094554983079433,0.012366927228868008,0.0013090554857626557
17.140785217285156,0.014841594733297825,0.012928920798003674,0.0014348955592140555
16.80207633972168,0.01503529492765665,0.012696216814219952,0.0013959247153252363
16.993703842163086,0.014832506887614727,0.012694223783910275,0.0014023255789652467
16.92020606994629,0.014956645667552948,0.012694364413619041,0.001408936339430511
17.301111221313477,0.014865260571241379,0.01293454971164465,0.0014366909163072705
16.742542266845703,0.014814021065831184,0.012662539258599281,0.0013923526275902987
17.00905990600586,0.014819756150245667,0.013098188675940037,0.0014479049714282155
17.13921356201172,0.015055256895720959,0.01256177294999361,0.0013765316689386964
17.22115707397461,0.014882159419357777,0.012575303204357624,0.0013624336570501328
17.320348739624023,0.014817805960774422,0.012805471196770668,0.0014075167709961534
16.90185546875,0.014966616407036781,0.012781299650669098,0.0013882705243304372
16.978668212890625,0.014868902042508125,0.013047175481915474,0.0014686676440760493
17.155532836914062,0.01494904700666666,0.012857851572334766,0.001416173530742526
17.260501861572266,0.01493157260119915,0.012827865779399872,0.001394130871631205
16.855730056762695,0.014878352172672749,0.012658187188208103,0.0013855148572474718
17.218883514404297,0.014943016692996025,0.012778496369719505,0.0013953985180705786
17.241424560546875,0.015029476024210453,0.01274230144917965,0.001389593817293644
17.049461364746094,0.014931418001651764,0.013027118518948555,0.0014596676919609308
17.069297790527344,0.014989362098276615,0.012831629253923893,0.001415649545378983
17.295154571533203,0.014904619194567204,0.012913377024233341,0.0014426273992285132
17.221473693847656,0.014926343224942684,0.01308754738420248,0.001469499315135181
17.241172790527344,0.01489576417952776,0.012928077951073647,0.001462547923438251
17.387910842895508,0.014759725891053677,0.012949514202773571,0.0014352052239701152
17.262269973754883,0.014833631925284863,0.012955750338733196,0.0014402177184820175
17.362186431884766,0.015020309947431087,0.012890782207250595,0.001441586995497346
16.976354598999023,0.014940664172172546,0.012902463786303997,0.001442192355170846
17.35079574584961,0.014868657104671001,0.013166336342692375,0.00151062139775604
17.35356330871582,0.014848359860479832,0.013066558167338371,0.001479015569202602
17.280141830444336,0.014926345087587833,0.012991469353437424,0.0014573128428310156
17.675077438354492,0.014864825643599033,0.013084059581160545,0.0014699415769428015
17.178022384643555,0.014895283617079258,0.013033171184360981,0.001465203589759767
17.312894821166992,0.01496774423867464,0.012803398072719574,0.0014188109198585153
17.564083099365234,0.01489443052560091,0.013020996004343033,0.0014951438643038273
17.634611129760742,0.014851400628685951,0.013277454301714897,0.0014977469108998775
16.853771209716797,0.014817698858678341,0.012897608801722527,0.0014198041753843427
17.110870361328125,0.014926360920071602,0.012809381820261478,0.001411193865351379
17.078920364379883,0.014985956251621246,0.012926691211760044,0.0014346468960866332
17.651962280273438,0.014963727444410324,0.012869440019130707,0.0014072556514292955
17.254413604736328,0.014938400126993656,0.013207511976361275,0.001492055831477046
17.684032440185547,0.014859633520245552,0.013027132488787174,0.001447818474844098
17.572553634643555,0.014756807126104832,0.013064243830740452,0.0014877946814522147
17.115482330322266,0.01485687680542469,0.012944688089191914,0.0014287824742496014
17.277135848999023,0.01492271851748228,0.013097583316266537,0.0014516656519845128
17.460691452026367,0.014973319135606289,0.012975174933671951,0.0014340082416310906
17.343517303466797,0.014925879426300526,0.013137691654264927,0.0014888327568769455
17.363834381103516,0.014906286261975765,0.01315237209200859,0.0014939496759325266
17.443796157836914,0.014957520179450512,0.013085607439279556,0.0014727404341101646
18.06369400024414,0.015063750557601452,0.013155607506632805,0.001481656450778246
17.535226821899414,0.014960696920752525,0.013381600379943848,0.0015442152507603168
17.99592399597168,0.014921627938747406,0.0134199233725667,0.0015509820077568293
17.491718292236328,0.014933101832866669,0.0132432347163558,0.0015135370194911957
17.630273818969727,0.014836736023426056,0.013340422883629799,0.0015202778158709407
17.4625244140625,0.014939455315470695,0.013235513120889664,0.0015361267141997814
17.6070613861084,0.014914768747985363,0.013157310895621777,0.001472298288717866
17.994380950927734,0.014947421848773956,0.013002782128751278,0.0014633609680458903
17.696876525878906,0.015016496181488037,0.013423937372863293,0.0015657279873266816
17.66102409362793,0.014819204807281494,0.01319157611578703,0.0014605749165639281
17.409011840820312,0.014831780456006527,0.013294794596731663,0.0015167641686275601
17.9252986907959,0.014959977939724922,0.013557884842157364,0.0015829288167878985
17.92562484741211,0.014841638505458832,0.013373631983995438,0.0015409704064950347
17.67527198791504,0.014980211853981018,0.013337996788322926,0.0015657779294997454
17.596649169921875,0.014948354102671146,0.013256189413368702,0.0015376727096736431
17.344158172607422,0.01495317742228508,0.013192168436944485,0.0015105437487363815
17.738422393798828,0.015028738416731358,0.013582819141447544,0.001587122562341392
17.896791458129883,0.014937265776097775,0.013232904486358166,0.001506403204984963
17.945627212524414,0.01491465326398611,0.013712006621062756,0.001643802155740559
17.751651763916016,0.014897339046001434,0.013762316666543484,0.0016400845488533378
17.89084243774414,0.014957686886191368,0.013496287167072296,0.0016098725609481335
18.18129539489746,0.014868245460093021,0.01363263837993145,0.0016203389968723059
17.825376510620117,0.0149221858009696,0.013512485660612583,0.0015493312384933233
17.940271377563477,0.01507288496941328,0.01337854377925396,0.0015444466844201088
17.790325164794922,0.014974799938499928,0.013418284244835377,0.0015579985920339823
18.04109764099121,0.014861829578876495,0.013608705252408981,0.0016226402949541807
17.693065643310547,0.014868835918605328,0.013615897856652737,0.001602836768142879
18.103164672851562,0.01496393047273159,0.01361157651990652,0.0016152013558894396
18.180797576904297,0.014950165525078773,0.01390634011477232,0.0016736914403736591
18.26279067993164,0.014949995093047619,0.01379832811653614,0.0016725839814171195
18.14436149597168,0.014881339855492115,0.01372579112648964,0.0016275809612125158
18.288114547729492,0.014868682250380516,0.013750659301877022,0.0016699200496077538
18.155067443847656,0.015034913085401058,0.013846793211996555,0.0016813083784654737
17.886899948120117,0.014973859302699566,0.01398165337741375,0.0017133901128545403
18.341838836669922,0.014941917732357979,0.013671444728970528,0.001637040637433529
18.755599975585938,0.01492808572947979,0.013945206068456173,0.0017187305493280292
18.158716201782227,0.0147730503231287,0.013728821650147438,0.0016435541911050677
18.19732666015625,0.014882705174386501,0.014115738682448864,0.001746885827742517
18.456811904907227,0.015029024332761765,0.013868100009858608,0.001684820861555636
18.523408889770508,0.014861392788589,0.014189129695296288,0.001774405944161117
18.950258255004883,0.014916302636265755,0.014159313403069973,0.0017385846003890038
18.652740478515625,0.014895317144691944,0.014172913506627083,0.0017474527703598142
18.24371910095215,0.014899913221597672,0.014231515116989613,0.0017650251975283027
18.681732177734375,0.014918530359864235,0.014298975467681885,0.0018089014338329434
18.534135818481445,0.014931434765458107,0.014159227721393108,0.0017639331053942442
19.194461822509766,0.014898589812219143,0.014349810779094696,0.0018390391487628222
18.810131072998047,0.014836144633591175,0.0147836459800601,0.001956441905349493
19.080928802490234,0.014879557304084301,0.014584625139832497,0.0018598501337692142
18.499378204345703,0.015009728260338306,0.01444566436111927,0.0018639233894646168
19.169736862182617,0.014867733232676983,0.01464855670928955,0.0019209032179787755
19.04587173461914,0.014941779896616936,0.014574791304767132,0.0019261155975982547
19.156389236450195,0.014944630675017834,0.014916844666004181,0.0020172924268990755
19.172399520874023,0.01483207568526268,0.014810733497142792,0.0019875657744705677
18.96958351135254,0.01496918685734272,0.014867178164422512,0.001978187821805477
19.422399520874023,0.014828289858996868,0.015348199754953384,0.0021104449406266212
19.509151458740234,0.014842638745903969,0.015394169837236404,0.0021810135804116726
19.62969207763672,0.01487871166318655,0.01530708558857441,0.002110541332513094
19.80746078491211,0.014984668232500553,0.015376390889286995,0.0021519483998417854
19.832040786743164,0.014874560758471489,0.01552952267229557,0.00220497022382915
20.22657012939453,0.014882615767419338,0.015423109754920006,0.0021862532012164593
19.804967880249023,0.014909960329532623,0.015729844570159912,0.0022637227084487677